Cosine distance threshold: 0.6
Accuracy: 0.7436666666666667
TP: 2717
FP: 1255
TN: 1745
FN: 283
Precision: 0.6840382678751259
Recall: 0.9056666666666666
FMR: 0.41833333333333333
FNMR: 0.09433333333333334
TAR: 0.9056666666666666
TRR: 0.5816666666666667
Number of comparisons that failed (because face detection or embedding extraction failed): 0