EER: 0.08666666666666667
Accuracy based on EER (acc = 1-EER) : 0.9133333333333333
threshold: 0.5