EER: 0.08033333333333334
Accuracy based on EER (acc = 1-EER) : 0.9196666666666666
threshold: 0.55