Cosine distance threshold: 0.6
Accuracy: 0.7368333333333333
TP: 2699
FP: 1278
TN: 1722
FN: 301
Precision: 0.6786522504400302
Recall: 0.8996666666666666
FMR: 0.426
FNMR: 0.10033333333333333
TAR: 0.8996666666666666
TRR: 0.574
Number of comparisons that failed (because face detection or embedding extraction failed): 0