EER: 0.14133333333333334
Accuracy based on EER (acc = 1-EER) : 0.8586666666666667
threshold: 0.5