EER: 0.18433333333333332
Accuracy based on EER (acc = 1-EER) : 0.8156666666666667
threshold: 0.6000000000000001