EER: 0.18666666666666668
Accuracy based on EER (acc = 1-EER) : 0.8133333333333334
threshold: 0.65