Cosine distance threshold: 0.6
Accuracy: 0.7861666666666667
TP: 2619
FP: 902
TN: 2098
FN: 381
Precision: 0.7438227776199943
Recall: 0.873
FMR: 0.3006666666666667
FNMR: 0.127
TAR: 0.873
TRR: 0.6993333333333334
Number of comparisons that failed (because face detection or embedding extraction failed): 0