EER: 0.07833333333333334
Accuracy based on EER (acc = 1-EER) : 0.9216666666666666
threshold: 0.65