EER: 0.13133333333333333
Accuracy based on EER (acc = 1-EER) : 0.8686666666666667
threshold: 0.65